0,162327871901658;0,452250613535544;0,210116517125444;0,105210297770185;0,0329752335467088;0,0228519602561931;0,00710870125034602;0,00142771775555196;0,00573109230322776;
0,162327871901658;0,452250613535544;0,210116517125444;0,105210297770185;0,0329752335467088;0,0228519602561931;0,00710870125034602;0,00142771775555196;0,00573109230322776;
0,160960771146519;0,45100170549852;0,211042802540656;0,106043251499802;0,033332359857867;0,0231539570650953;0,00722353757709271;0,00144734099653128;0,00579427864212584;
0,162327871901658;0,452250613535544;0,210116517125444;0,105210297770185;0,0329752335467088;0,0228519602561931;0,00710870125034602;0,00142771775555196;0,00573109230322776;
0,160960771146519;0,45100170549852;0,211042802540656;0,106043251499802;0,033332359857867;0,0231539570650953;0,00722353757709271;0,00144734099653128;0,00579427864212584;
0,159014022379937;0,44921020381636;0,212364010534703;0,10723414517543;0,0338430567829802;0,0235864217949653;0,00738798623669529;0,00147542198145138;0,00588473324072381;
0,162327871901658;0,452250613535544;0,210116517125444;0,105210297770185;0,0329752335467088;0,0228519602561931;0,00710870125034602;0,00142771775555196;0,00573109230322776;
0,160960771146519;0,45100170549852;0,211042802540656;0,106043251499802;0,033332359857867;0,0231539570650953;0,00722353757709271;0,00144734099653128;0,00579427864212584;
0,159014022379937;0,44921020381636;0,212364010534703;0,10723414517543;0,0338430567829802;0,0235864217949653;0,00738798623669529;0,00147542198145138;0,00588473324072381;
0,157421754255003;0,447736011302413;0,213446059799107;0,108211493132977;0,0342622324250199;0,0239418463569685;0,00752310041516654;0,00149848700331946;0,00595901764312466;
0,162327871901658;0,452250613535544;0,210116517125444;0,105210297770185;0,0329752335467088;0,0228519602561931;0,00710870125034602;0,00142771775555196;0,00573109230322776;
0,160960771146519;0,45100170549852;0,211042802540656;0,106043251499802;0,033332359857867;0,0231539570650953;0,00722353757709271;0,00144734099653128;0,00579427864212584;
0,159014022379937;0,44921020381636;0,212364010534703;0,10723414517543;0,0338430567829802;0,0235864217949653;0,00738798623669529;0,00147542198145138;0,00588473324072381;
0,157421754255003;0,447736011302413;0,213446059799107;0,108211493132977;0,0342622324250199;0,0239418463569685;0,00752310041516654;0,00149848700331946;0,00595901764312466;
0,156552380311129;0,446928270560743;0,214037485544605;0,108746089801636;0,0344915519739939;0,024136254664917;0,00759712634262994;0,00151110456853211;0,00599973937976067;
0,162327871901658;0,452250613535544;0,210116517125444;0,105210297770185;0,0329752335467088;0,0228519602561931;0,00710870125034602;0,00142771775555196;0,00573109230322776;
0,160960771146519;0,45100170549852;0,211042802540656;0,106043251499802;0,033332359857867;0,0231539570650953;0,00722353757709271;0,00144734099653128;0,00579427864212584;
0,159014022379937;0,44921020381636;0,212364010534703;0,10723414517543;0,0338430567829802;0,0235864217949653;0,00738798623669529;0,00147542198145138;0,00588473324072381;
0,157421754255003;0,447736011302413;0,213446059799107;0,108211493132977;0,0342622324250199;0,0239418463569685;0,00752310041516654;0,00149848700331946;0,00595901764312466;
0,156552380311129;0,446928270560743;0,214037485544605;0,108746089801636;0,0344915519739939;0,024136254664917;0,00759712634262994;0,00151110456853211;0,00599973937976067;
0,156895323510272;0,447247043941278;0,213804186398654;0,108535126638985;0,0344010385722783;0,0240595406702032;0,00756793882910626;0,00150612619828094;0,0059836772615627;
0,162327871901658;0,452250613535544;0,210116517125444;0,105210297770185;0,0329752335467088;0,0228519602561931;0,00710870125034602;0,00142771775555196;0,00573109230322776;
0,160960771146519;0,45100170549852;0,211042802540656;0,106043251499802;0,033332359857867;0,0231539570650953;0,00722353757709271;0,00144734099653128;0,00579427864212584;
0,159014022379937;0,44921020381636;0,212364010534703;0,10723414517543;0,0338430567829802;0,0235864217949653;0,00738798623669529;0,00147542198145138;0,00588473324072381;
0,157421754255003;0,447736011302413;0,213446059799107;0,108211493132977;0,0342622324250199;0,0239418463569685;0,00752310041516654;0,00149848700331946;0,00595901764312466;
0,156552380311129;0,446928270560743;0,214037485544605;0,108746089801636;0,0344915519739939;0,024136254664917;0,00759712634262994;0,00151110456853211;0,00599973937976067;
0,156895323510272;0,447247043941278;0,213804186398654;0,108535126638985;0,0344010385722783;0,0240595406702032;0,00756793882910626;0,00150612619828094;0,0059836772615627;
0,156905411226829;0,447255950173288;0,213797251961887;0,108529135802106;0,0343984550517049;0,0240575625239742;0,00756708283652215;0,00150599019552297;0,00598316243176233;
0,162327871901658;0,452250613535544;0,210116517125444;0,105210297770185;0,0329752335467088;0,0228519602561931;0,00710870125034602;0,00142771775555196;0,00573109230322776;
0,160960771146519;0,45100170549852;0,211042802540656;0,106043251499802;0,033332359857867;0,0231539570650953;0,00722353757709271;0,00144734099653128;0,00579427864212584;
0,159014022379937;0,44921020381636;0,212364010534703;0,10723414517543;0,0338430567829802;0,0235864217949653;0,00738798623669529;0,00147542198145138;0,00588473324072381;
0,157421754255003;0,447736011302413;0,213446059799107;0,108211493132977;0,0342622324250199;0,0239418463569685;0,00752310041516654;0,00149848700331946;0,00595901764312466;
0,156552380311129;0,446928270560743;0,214037485544605;0,108746089801636;0,0344915519739939;0,024136254664917;0,00759712634262994;0,00151110456853211;0,00599973937976067;
0,156895323510272;0,447247043941278;0,213804186398654;0,108535126638985;0,0344010385722783;0,0240595406702032;0,00756793882910626;0,00150612619828094;0,0059836772615627;
0,156905411226829;0,447255950173288;0,213797251961887;0,108529135802106;0,0343984550517049;0,0240575625239742;0,00756708283652215;0,00150599019552297;0,00598316243176233;
0,154617963163496;0,445127138984105;0,215354053073331;0,10993728537255;0,0350022401409338;0,0245693528139263;0,00776226980708423;0,00153926111771165;0,00609043731106577;
0,162327871901658;0,452250613535544;0,210116517125444;0,105210297770185;0,0329752335467088;0,0228519602561931;0,00710870125034602;0,00142771775555196;0,00573109230322776;
0,160960771146519;0,45100170549852;0,211042802540656;0,106043251499802;0,033332359857867;0,0231539570650953;0,00722353757709271;0,00144734099653128;0,00579427864212584;
0,159014022379937;0,44921020381636;0,212364010534703;0,10723414517543;0,0338430567829802;0,0235864217949653;0,00738798623669529;0,00147542198145138;0,00588473324072381;
0,157421754255003;0,447736011302413;0,213446059799107;0,108211493132977;0,0342622324250199;0,0239418463569685;0,00752310041516654;0,00149848700331946;0,00595901764312466;
0,156552380311129;0,446928270560743;0,214037485544605;0,108746089801636;0,0344915519739939;0,024136254664917;0,00759712634262994;0,00151110456853211;0,00599973937976067;
0,156895323510272;0,447247043941278;0,213804186398654;0,108535126638985;0,0344010385722783;0,0240595406702032;0,00756793882910626;0,00150612619828094;0,0059836772615627;
0,156905411226829;0,447255